Berlin
0 2071257 1 13.4049 -52.5200

Hamburg
0 931035 0 10.0153 -53.5753

Munich
0 596476 0 11.5761 -48.1371

Leipzig
0 589850 0 12.3700 -50.9375

Dresden
0 548308 0 13.7373 -51.0504

Cologne
0 516527 0 6.9603 -50.9375

Breslau
0 512105 0 17.0385 -51.1078

Frankfurt
0 414576 0 8.6821 -50.1109

Dusseldorf
0 358728 0 6.7735 -51.2277

Nuremburg
0 333142 0 11.0767 -49.4521

Charlottenburg
0 305978 0 13.2833 -52.5166

Hanover
0 302375 0 9.7358 -52.3759

Essen
0 294653 0 7.0081 -51.4548

Chemnitz
0 287807 0 12.9166 -50.8333

Stuttgart
0 286218 0 9.1829 -48.7758

Magdeburg
0 279629 0 11.6276 -52.1205

Konigsberg
0 245994 0 20.5093 -54.7115

Stettin
0 236113 0 14.5528 -53.4285

Duisberg
0 229438 0 6.76516 -51.4325

Bremen
0 217437 0 8.6970 -53.3193

Vienna
1 2031498 1 16.3721 -48.2085

Budapest
1 863735 0 19.0514 -47.4925

Trieste
1 229510 0 13.7800 -45.6486

Prague
1 223741 0 14.4208 -50.088

Lviv
1 206113 0 24.0193 -49.8358

Krakow
1 176463 0 19.9445 -50.0496

Graz
1 151781 0 15.4441 -47.0758

Brno
1 125737 0 16.6068 -49.1950

Szeged
1 115306 0 20.1482 -46.2530

Subotica
1 93232 0 19.6675 -46.1003

Debrecen
1 90153 0 21.6273 -47.5316

Czernowitz
1 87113 0 28.1147 -48.5422

Pilsen
1 80445 0 13.3736 -49.7384

Zagreb
1 74703 0 15.9665 -45.8153

Bratislava
1 73459 0 17.1077 -48.1485

Zizkow
1 72173 0 14.4514 -50.0808

Linz
1 70756 0 14.2861 -48.3064

Timisoara
1 68471 0 21.2272 -45.7424

Kecskemet
1 65716 0 19.6896 -46.8963

Hodmezovasarhely
1 62394 0 20.3300 -46.4181

Saint Petersburg
2 2000000 1 30.3086 -59.9375

Moscow
2 1600000 0 37.6184 -55.7512

Warsaw
2 800000 0 21.0166 -52.2333

Odessa
2 600000 0 30.7333 -46.4833

Lodz
2 550000 0 19.4572 -51.7594

Riga
2 400000 0 24.1050 -56.9462

Kiev
2 400000 0 30.5328 -50.4017

Kharkov
2 300000 0 36.2333 -49.9833

Tiflis
2 250000 0 44.7833 -41.7166

Baku
2 250000 0 49.8670 -40.3833

Vilna
2 200000 0 25.3166 -54.6833

Kazan
2 200000 0 49.1088 -55.7964

Rostov-on-Don
2 180000 0 39.7000 -47.2333

Saratov
2 180000 0 45.9608 -51.5923

Ekaterinoslav
2 160000 0 34.9833 -48.4500

Yekaterinburg
2 150000 0 60.6101 -56.8465

Nikolaev
2 130000 0 31.9974 -46.9659

Minsk
2 130000 0 27.5674 -53.8930

Astrakhan
2 120000 0 48.0599 -46.3588

Tashkent
2 120000 0 69.2400 -41.2994

Paris
3 2800000 1 2.3488 -48.8534

Marseille
3 517498 0 5.3756 -43.2914

Lyon
3 472114 0 4.8342 -45.7634

Bordeaux
3 261678 0 -0.5808 -44.8361

Lille
3 205602 0 3.0572 -50.6292

Toulouse
3 149438 0 1.4440 -43.6040

Saint-Etienne
3 148656 0 4.3871 -45.4396

Le Havre
3 136159 0 0.1079 -49.4943

Nantes
3 133247 0 -1.5528 -47.2181

Rouen
3 124987 0 1.0999 -49.4432

Nice
3 142940 0 7.2894 -43.6758

Roubaix
3 121017 0 3.1778 -50.6927

Reims
3 112518 0 4.0316 -49.2583

Toulon
3 104582 0 5.9280 -43.1242

Nancy
3 39192 0 6.1844 -48.6920

Nimes
3 80437 0 4.3600 -43.8366

Grenoble
3 100000 0 5.7200 -45.1700

Clermont-Ferrand
3 65286 0 3.0870 -45.7772

Dijon
3 76847 0 5.041 -47.3220

Limoges
3 84043 0 1.2611 -45.8336

Rome	
4 590555 1 12.4963 -41.9027

Milan
4 588183 0 9.1885 -45.4646

Naples
4 770000 0 14.2681 -40.8517

Turin
4 439331 0 7.7426 45.1161

Palermo
4 345000 0 13.3640 -38.1170

Genoa
4 250000 0 8.9440 -44.4050

Bologna
4 158000 0 11.3390 -44.4940

Florence
4 250000 0 11.2460 -43.7790

Catania
4 200000 0 15.0700 -37.4920

Bari
4 100000 0 16.8700 -41.1210

Venice
4 150000 0 12.3200 -45.4400

Messina
4 160000 0 15.5530 -38.1940

Verona
4 70000 0 10.9940 -45.4390

Trieste
4 200000 0 13.7700 -45.6490

Padua
4 70000 0 11.8753 -45.4074

Taranto
4 80000 0 17.2420 -40.4710

Brescia
4 80000 0 10.2220 -45.5430

Reggio Calabria
4 60000 0 15.6479 -38.1110

Modena
4 70000 0 10.9255 -44.6479

Cagliari
4 60000 0 10.9250 -44.6470
END